0.02039214546
0.01443493033
0.01179872873
0.01022895105
0.009158838298
0.008369761761
0.007757147604
0.007263859943
0.0068556969
0.006510769224
0.006214331718
0.005728397673
0.005344036882
0.005030336826
0.004768122634
0.00444487887
0.004182539312
0.003964255144
0.003723292578
0.003480032879
0.003282615013
0.003088790413
0.002905239079
0.002754748566
0.002596208066
0.002453324513
0.002314697246
0.002193319673
0.002079760266
0.001975597527
0.001881258923
0.001789264038
0.001708912942
0.001633885999
0.001565399401
0.001502304472
0.0014441184
0.001392547847
0.001344874467
0.001301850264
0.001263148994
0.00122847953
0.001197265449
0.001169170225
0.001143968833
0.001121476586
0.001101514224
0.001083728244
0.001068036173
0.001054202747
0.001041978964
0.001031306219
0.001022022662
0.001013980619
0.001007116935
0.00100135433
0.0009966223676
0.0009928979631
0.0009901741503
0.0009884673815
0.0009878423303
0.0009883947433
0.0009902741926
0.000993688531
0.0009989191468
0.001006340903
0.001016423367
0.001029784784
0.001047180019
0.001069553225
0.001098040418
0.001134024783
0.001179099334
0.00123512471
0.001304202468
0.001388703504
0.001491223302
0.001614598142
0.001761975143
0.001936771917
0.002142741256
0.002384094257
0.002665522932
0.002992364471
0.003370654293
0.003807262446
0.0043100743
0.004888079699
0.005551624212
0.006312477881
0.007184189871
0.008182215009
