0.005094174258
0.01018834852
0.01528252277
0.02037669703
0.02547087129
0.03056504555
0.0356592198
0.04075339406
0.04584756832
0.05094174258
0.05603591683
0.06622426535
0.07641261387
0.08660096238
0.0967893109
0.1120718337
0.1273543564
0.1426368792
0.1630135762
0.1884844475
0.2139553188
0.2445203644
0.2801795842
0.315838804
0.3616863723
0.4126281149
0.473758206
0.5399824713
0.6163950852
0.7029960476
0.7997853585
0.9169513664
1.044305723
1.192036776
1.360144527
1.553723149
1.777866816
2.027481355
2.317849287
2.648970614
3.025939509
3.453850147
3.942890875
4.503250044
5.145116
5.878677093
6.714121672
7.671826432
8.761979723
10.00495824
11.43132703
13.05636862
14.91064805
17.03491872
19.45974566
22.22588229
25.3893645
29.00113405
33.12232102
37.83952639
43.2189744
49.36764273
56.39250903
64.41583349
73.58025298
84.05387525
96.00990223
109.6724776
125.2759333
143.1004491
163.4567694
186.7167691
213.2828878
243.6288839
278.2896455
317.886662
363.1178353
414.7778564
473.7938652
541.2101673
618.2137054
706.1748123
806.6472112
921.4189572
1052.522626
1202.276067
1373.338438
1568.73568
1791.942019
2046.900347
2338.139383
2670.814433
