0.03853170606
0.0245613057
0.01079684659
0.0108137405
0.01162374969
0.006325697206
0.006490598483
0.008350085522
0.005590223034
0.005188932523
0.006467444384
0.004340815408
0.004427443941
0.004533738602
0.003578296169
0.003358066345
0.003152054901
0.003015939894
0.002840026788
0.002780262308
0.002659270681
0.002460825828
0.00247049555
0.002344673665
0.002283710889
0.002181173453
0.002145650242
0.002104127109
0.002068953839
0.002057644168
0.002057808003
0.002061415621
0.002076339774
0.00209256405
0.002110507178
0.002122454623
0.002129188622
0.002131707562
0.002132877352
0.002130738988
0.002124114463
0.002112413902
0.002094742799
0.002065310442
0.002019577428
0.00195405975
0.001869434565
0.001765513148
0.001647348519
0.001524134631
0.001401194623
0.001285406239
0.001182469833
0.001089428568
0.001001211348
0.0009169899514
0.0008267870904
0.0007300990956
0.0006403010304
0.0005539845953
0.0004772270757
0.000418477506
0.0003810840054
0.000340449417
0.0002975100468
0.0002698158061
0.0002344187324
0.0002129215637
0.0001873262024
0.0001751877462
0.0001503784648
0.000148060537
0.0001317423695
0.0001221667747
0.0001202803033
0.0001195925786
0.0001118854687
0.0001092918056
0.0001037001525
9.992636074e-05
9.301378483e-05
8.772186166e-05
8.544629281e-05
8.472495511e-05
8.106162515e-05
8.068372524e-05
8.911530751e-05
9.708329844e-05
0.0001070493276
0.0001227934492
0.0001386499514
0.0001339942192
