0.02926813023
0.01596649945
0.01146520837
0.009174187064
0.0077730133
0.006820282808
0.006126101781
0.005595085346
0.005173961889
0.004830581911
0.004544358073
0.004092299271
0.003749171091
0.003478108037
0.003257439989
0.002992442112
0.00278276876
0.002611769894
0.002426428595
0.002242701203
0.002095884498
0.001953543174
0.001820214089
0.001711828933
0.0015984086
0.00149672527
0.001398416996
0.001312497969
0.001232129357
0.001158316459
0.001091287702
0.001025658833
0.0009680299699
0.0009138747897
0.0008640707356
0.0008178029862
0.0007747434411
0.0007362137125
0.0007002494065
0.0006674801679
0.0006377392364
0.0006108899542
0.0005865737849
0.0005646161855
0.0005449304967
0.0005274618343
0.0005121572186
0.0004988295239
0.0004874961453
0.000478057695
0.0004704169049
0.0004646041389
0.0004605859648
0.000458358769
0.0004579646097
0.0004594498523
0.0004628967655
0.0004684098326
0.0004761229069
0.000486241543
0.0004989486047
0.0005145350016
0.0005333130645
0.0005556501809
0.0005819844491
0.0006128412697
0.0006487729238
0.0006904949132
0.0007387644981
0.0007944886027
0.0008586771038
0.0009325389499
0.001017385756
0.001114761077
0.001226408626
0.001354354543
0.001500875044
0.001668562497
0.001860441777
0.002079921256
0.002330875885
0.002617780442
0.002945709986
0.003320506395
0.003748811967
0.004238202737
0.004797371801
0.005436212759
0.006166086315
0.00699988702
0.007952426508
0.009040566869
