332.6093341
181.4794568
152.6706819
137.3085133
118.5829142
111.648136
97.38997672
92.63909028
84.69844515
79.34079716
76.86692194
69.92429126
64.87656033
60.93671582
57.39917986
53.30115524
50.03416974
47.35222212
44.3977942
41.51248178
39.24302591
37.08346784
35.15898043
33.62872638
32.16280333
30.94965126
29.97531224
29.27295928
28.76201743
28.3940818
28.1256459
27.84486396
27.57449963
27.2980456
27.05943854
26.93211432
26.93154088
27.00965275
27.14366585
27.29875617
27.38454207
27.34303342
27.18836551
26.94498277
26.61644779
26.17269317
25.65682814
25.12150943
24.6105573
24.11441602
23.70593595
23.38653263
23.05864958
22.5519282
21.94751239
21.31445951
20.51401203
19.48043632
18.39163061
17.21897273
15.83481764
14.3314799
12.85638409
11.2957517
9.980869599
8.744484568
7.571684016
6.852096197
6.45191657
5.992842353
5.587894403
5.345472041
4.668797005
4.229531324
4.013733854
3.555430673
3.136791233
2.792044465
2.363741171
2.081699621
1.730721246
1.472115763
1.35746536
1.320887936
1.165255579
1.074404206
1.055877847
1.12761883
1.133946781
1.225068251
1.459940057
1.87117827
