234.7795968
164.3904514
133.7835783
115.6714232
103.360301
94.29558267
87.26286929
81.60132486
76.91648945
72.95643484
69.55172465
63.96622812
59.54259656
55.92695298
52.89998836
49.16089277
46.11848054
43.58029472
40.76969246
37.92080564
35.59824543
33.30658869
31.12363976
29.32256977
27.41170248
25.67515691
23.97434647
22.46935665
21.04496509
19.72152695
18.50593473
17.30162301
16.23115225
15.21255774
14.26325144
13.36865464
12.5229556
11.75322687
11.02116489
10.33996859
9.707011622
9.120281157
8.57270702
8.060866713
7.583182471
7.138829813
6.727120259
6.343513645
5.988937924
5.660831684
5.355727412
5.0744841
4.815113826
4.575405966
4.355109534
4.15313173
3.967876813
3.798659601
3.644552543
3.504181031
3.377195993
3.262443544
3.159201633
3.066754104
2.984382611
2.911387929
2.847235712
2.791287699
2.74306487
2.702090838
2.667967836
2.640329766
2.618900265
2.603444817
2.593795035
2.589842665
2.591545237
2.598920428
2.612051523
2.631083359
2.656219702
2.687729041
2.725935865
2.771227328
2.824043413
2.884876373
2.954274696
3.032832185
3.121197006
3.220053449
3.330139082
3.452228435
