250.1905227
187.1441116
161.0440393
142.3226475
126.0125343
112.4008784
102.4804428
95.09979738
89.2375725
84.98136459
81.31930587
74.03094198
68.69675148
64.14411594
60.32109187
55.59729619
52.49697589
49.29873265
46.3539706
43.12302779
40.52386851
38.00588183
35.73389231
33.95257057
32.16261478
30.69217762
29.44717156
28.48750226
27.75853206
27.2740797
26.99112438
26.83741894
26.81517219
26.85327482
26.94033353
27.04366683
27.16238808
27.29128452
27.44105431
27.60919207
27.78296088
27.94751541
28.10452737
28.27693264
28.44858703
28.57907627
28.67770071
28.75251252
28.78217
28.78198611
28.84358932
28.99790536
29.24144383
29.57725699
29.99758721
30.41213933
30.7515559
31.04720954
31.25090862
31.2436999
30.95481491
30.512781
29.80434011
28.88040083
27.91430549
26.98303184
25.83472016
24.45100772
22.87370641
21.21419726
19.70510641
18.61380777
17.69998683
16.91631425
15.6980034
13.94835932
11.4642181
9.342314853
7.505062058
6.550242094
5.796325001
5.980766468
5.898238857
4.65183464
3.687744804
3.520238247
3.584692054
2.527920872
2.5210164
2.104918096
1.573561319
1.147435468
