229.9762131
167.887714
135.8541416
118.2800096
106.3441607
96.11156102
89.18867378
84.12024624
78.86953288
74.78785649
71.63916519
65.59910737
61.24976552
57.57399298
54.34444706
50.63748857
47.55485569
45.02476163
42.18412231
39.30506247
36.92849153
34.55285135
32.34357034
30.50611982
28.57744361
26.83332361
25.1463744
23.65356359
22.22339792
20.90872798
19.71328489
18.52630703
17.47622448
16.47355937
15.54955628
14.68809583
13.89993647
13.20776158
12.57816344
11.99666958
11.48893351
11.04230449
10.63586472
10.23498497
9.857025623
9.493901686
9.154752258
8.833528189
8.548363288
8.287762164
8.029582368
7.763902429
7.480322542
7.19969477
6.924261004
6.662084348
6.422086929
6.193780207
5.942306507
5.651999641
5.323056082
4.973438522
4.626203896
4.313203956
4.043964311
3.804223272
3.567038764
3.349281821
3.110044729
2.895543729
2.666109483
2.466088385
2.229916248
1.983486955
1.720958514
1.538256144
1.41936853
1.26298336
1.223588303
1.223723296
1.251227889
1.225496212
1.217189159
1.20669426
1.173939062
1.108136238
1.042609378
0.9519364497
0.822897651
0.5478618868
0.2544184083
0.2230540226
