0.02084638057
0.01437937469
0.009857508344
0.008772473587
0.00828354506
0.006731909364
0.006377446985
0.006466146918
0.005731235154
0.005427452681
0.005462092268
0.004859690173
0.004675360544
0.004457306585
0.004100078158
0.003808660037
0.003564417995
0.003387960896
0.003250170847
0.003196138364
0.003167264679
0.003142679545
0.003140733634
0.003113858019
0.003095644748
0.003073704416
0.003046963585
0.003002525353
0.002939828954
0.002862727846
0.002776166916
0.002676940697
0.002581815119
0.002482543152
0.002378845483
0.00224347537
0.001975263225
0.001653865325
0.00136043064
0.001117881944
0.0009499136562
0.0009306857591
0.001014915439
0.001087568374
0.001050090068
0.00092210165
0.0008779728106
0.0009330534751
0.0008988889691
0.0008586652006
0.0008967822784
0.0008593523745
0.0008845810461
0.0008831248115
0.0008920411655
0.0009159119891
0.0009419939566
0.0009699138198
0.001001770555
0.001029629684
0.001050711205
0.001066328463
0.001077530283
0.001079486198
0.001077030105
0.001074053241
0.001074001209
0.001077819137
0.001091471001
0.001112512094
0.001137273092
0.001166913065
0.001201240834
0.001240281029
0.001286411121
0.001351531917
0.00143557167
0.001543702359
0.001671318875
0.001818823055
0.002012441964
0.002253008199
0.002544826216
0.002900892274
0.003331891281
0.003845400314
0.004446079978
0.005128597872
0.005848753842
0.006597155915
0.007367202787
0.008075722161
