222.3124539
147.0019253
117.4824275
100.8604531
89.90592657
82.01522076
75.99627253
71.21753551
67.30959704
64.04027287
61.25543091
56.74210031
53.22025799
50.37973916
48.03059814
45.16905936
42.87731046
40.99356135
38.94113465
36.90126331
35.27244344
33.69936154
32.23633682
31.05842251
29.84091451
28.76643224
27.74682961
26.87446134
26.07713873
25.36322327
24.73220424
24.13219162
23.62137126
23.15627107
22.74230567
22.37034904
22.03572032
21.7461531
21.484553
21.25364535
21.0502526
20.87159349
20.71365019
20.57386354
20.4503846
20.34167854
20.24633711
20.16222313
20.08857174
20.0239603
19.96695975
19.91706596
19.87331781
19.8348269
19.80110105
19.77156754
19.74564451
19.72293523
19.70305193
19.68559319
19.67032277
19.65693564
19.64520714
19.63493616
19.6259415
19.61806137
19.61116614
19.6051268
19.59984098
19.59521404
19.59116549
19.58762189
19.58452246
19.58181195
19.57944266
19.57737226
19.57556445
19.57398744
19.57261297
19.57141685
19.57037802
19.56947801
19.56870094
19.56803299
19.56746237
19.56697899
19.56657428
19.56624111
19.56597355
19.56576692
19.56561756
19.56552286
