0.04800866628
0.02440328582
0.01653756906
0.01260666956
0.01024962229
0.008679442284
0.007558853003
0.006719218447
0.006066853846
0.005545549956
0.005119538642
0.004465354563
0.003986924761
0.003622119888
0.003334979321
0.003003422639
0.002752635262
0.00255653301
0.002353388394
0.002162573826
0.002018306559
0.001885930914
0.001769056677
0.001679398118
0.00159094841
0.001516500603
0.001449023248
0.001393763334
0.00134526907
0.001303489279
0.001267858986
0.001235114106
0.001208111157
0.001184226048
0.001163529749
0.001145386158
0.001129429462
0.001115901345
0.001103902956
0.001093488196
0.001084450999
0.001076618203
0.001069775687
0.001063783952
0.001058541323
0.001053964793
0.001049980869
0.001046489331
0.00104344998
0.001040797444
0.001038468061
0.001036437357
0.001034663157
0.001033107131
0.001031747612
0.001030560134
0.001029520254
0.001028611272
0.001027817067
0.00102712117
0.001026513857
0.001025982789
0.001025518939
0.001025114325
0.001024761856
0.001024455328
0.001024189925
0.001023961019
0.001023765204
0.001023599613
0.001023462217
0.001023351654
0.001023267512
0.001023210231
0.001023181339
0.001023183636
0.001023221497
0.001023301227
0.001023431618
0.001023624585
0.001023896038
0.001024267111
0.001024765591
0.001025427997
0.001026302032
0.001027449888
0.001028952626
0.001030915473
0.001033475079
0.001036807937
0.001041142063
0.001046770359
