0.02277143945
0.01596268405
0.0107093177
0.009913874103
0.009138161742
0.006665484781
0.005892827065
0.005935782486
0.004732240952
0.00444904559
0.004745727806
0.003942789709
0.003769917631
0.003554357099
0.0030925978
0.002878793167
0.002712348628
0.002527070311
0.002351579991
0.00222564861
0.002079021365
0.001916253764
0.001827643519
0.00170747707
0.001605196957
0.001495208448
0.00140947021
0.001327090975
0.001246482965
0.001176352135
0.001112389781
0.001046367003
0.000990061951
0.0009362283431
0.0008884574101
0.0008411718268
0.0007922359981
0.0007471658372
0.0007060901619
0.0006672900351
0.0006320968529
0.0006030817381
0.0005807798134
0.0005602355686
0.0005417086541
0.0005241216132
0.0005099490248
0.0005000159276
0.0004898236083
0.0004808989857
0.0004756993927
0.0004710508249
0.0004677929317
0.0004654778717
0.0004640682105
0.0004632925999
0.0004632557026
0.0004646752543
0.0004680960458
0.000474362344
0.0004845362251
0.0004985246875
0.0005168072508
0.0005405472617
0.0005710390473
0.000607137884
0.0006504195144
0.0006997216315
0.0007549250767
0.0008155438116
0.0008831674445
0.0009584113702
0.001044310279
0.001143115922
0.001254716289
0.00137936707
0.001517454242
0.001666098911
0.001831544445
0.00202874542
0.002256817221
0.002534432465
0.002867477936
0.003247493097
0.00369631007
0.004227359265
0.004820121241
0.005463192679
0.00622644465
0.007105326611
0.008055889945
0.009162394021
