295.8420424
165.8302887
121.642664
99.07182254
85.23198212
75.80647851
68.93386419
63.6768067
59.51051812
56.1175264
53.29406856
48.84891787
45.49285601
42.85806808
40.72774303
38.19245583
36.20950863
34.61144945
32.903325
31.24021046
29.93737008
28.70071859
27.57005816
26.67370174
25.76064873
24.96650756
24.22332798
23.59574473
23.02902525
22.5273219
22.08850798
21.67539749
21.32695851
21.01237852
20.73457472
20.48675795
20.26529127
20.07479904
19.90363833
19.75330611
19.62147544
19.50613612
19.40453317
19.31489738
19.23594583
19.16661895
19.1059559
19.05254856
19.00587394
18.96500122
18.92900512
18.89755152
18.87002294
18.84585321
18.82472971
18.80629307
18.79018293
18.77615924
18.7639927
18.75345308
18.74441881
18.73673743
18.73031802
18.72510018
18.72105684
18.71820099
18.71659679
18.71635926
18.7176744
18.7208126
18.72614994
18.73420325
18.74565768
18.76142634
18.78270821
18.81108083
18.84859421
18.89790911
18.9624923
19.04680552
19.15657474
19.29914493
19.48383725
19.72244148
20.02968574
20.42377606
20.92696841
21.56598801
22.37247836
23.38305907
24.63951123
26.18849826
