0.02532567859
0.01750599903
0.01418360896
0.01223618779
0.01091950089
0.009953320827
0.009205515861
0.008604580033
0.008108001599
0.007688712638
0.007328552275
0.006738337694
0.006271438655
0.005890166107
0.005571206018
0.005177501821
0.004763287534
0.004510946127
0.004167562542
0.003892886392
0.003666724391
0.00340816494
0.003171340807
0.002978572105
0.002781527178
0.002590749574
0.002423656307
0.00226692427
0.002114856774
0.001978371319
0.001851177598
0.001730515135
0.001618824888
0.001516991659
0.001420735916
0.001331912178
0.00124979552
0.001173995001
0.001104260336
0.00103967125
0.0009804211648
0.0009256071261
0.0008759884755
0.0008303002232
0.0007890046627
0.0007516916048
0.0007183287681
0.0006886563046
0.0006625779563
0.000640000861
0.0006209443639
0.0006052683362
0.000592969326
0.0005840137785
0.0005784321917
0.0005762150105
0.0005774029545
0.0005820564261
0.0005902403484
0.0006020668765
0.0006176522403
0.0006371740242
0.0006608113199
0.0006888431136
0.0007215440678
0.0007593002466
0.0008025359445
0.0008517837052
0.000907681296
0.0009709690728
0.001042522916
0.001123385645
0.0012147753
0.001318116169
0.001435090214
0.001567655191
0.001718063929
0.001888975739
0.002083452418
0.002305036842
0.002557849398
0.002846633592
0.003176860932
0.003554863782
0.003987899379
0.004484369031
0.005053900892
0.005707597022
0.006458231623
0.007320478246
0.008311232804
0.009449898216
0.01075882216
