558.8426993
553.0299669
434.3840058
349.9831223
299.8528419
267.0265775
243.0473258
224.0778097
208.2832758
195.3429567
184.5663337
167.81974
154.5353812
143.9777882
135.3148581
124.944235
114.1879939
107.6998972
98.86117675
91.82161019
86.13304436
79.75371573
73.98015541
69.40217204
64.77778161
60.22571315
56.07663511
52.26026214
48.45191854
44.95267275
41.62686081
38.40645346
35.52167758
33.12709687
30.83732146
29.04180404
27.70193809
26.2990366
24.92033981
23.64826155
22.36102507
20.96771011
19.61587434
18.04372217
16.52774392
15.15016262
13.98944852
12.8501448
11.99034548
11.44186586
10.5524833
9.621193628
9.08781552
8.521027159
7.749774696
7.359757129
7.082588919
6.739548435
6.422368337
6.132863085
5.934534234
5.693237737
5.404146255
5.154574044
4.956521704
4.846137569
4.816364195
4.925577063
5.122832672
5.352561546
5.592246231
5.84255608
6.105767764
6.400028198
6.737318283
7.189960287
7.705660314
8.160618813
8.501984586
8.732406834
8.825508818
8.740444336
8.555306992
8.381522916
8.150633076
7.663367161
7.213826277
6.925325574
6.605167982
6.077983318
5.624106915
5.185781889
4.753779862
