0.02165504658
0.01573255027
0.01277794264
0.01106349532
0.009899074133
0.009042957539
0.008380848934
0.007850124719
0.007409149122
0.007038757591
0.006721162535
0.006200810041
0.00578832258
0.00544809608
0.005161229241
0.004798052952
0.004400631177
0.004151731203
0.003812778416
0.003549041708
0.003337452751
0.003100490848
0.002887027416
0.002715654055
0.002530286247
0.002343535401
0.002184660277
0.002040417129
0.001894589228
0.001765774171
0.001646921145
0.00153260174
0.001426371038
0.001328712324
0.001236490253
0.001152709005
0.0010752056
0.001003889206
0.0009380997784
0.0008757163298
0.0008160223654
0.0007595124626
0.0007074558111
0.0006582214109
0.000612056333
0.0005719348449
0.0005351152295
0.0005003431423
0.0004681457594
0.0004397026407
0.0004128266767
0.0003914272659
0.0003728527776
0.0003567835214
0.0003430548163
0.0003321730922
0.000321828392
0.00031400229
0.0003087259416
0.0003047362984
0.0003035948067
0.000305636994
0.0003114339864
0.0003214743709
0.0003378543728
0.0003601169132
0.0003886738291
0.000424163181
0.0004661776741
0.0005137833222
0.0005682197304
0.0006295118184
0.0007007942594
0.0007834966864
0.0008761734562
0.0009764594152
0.001085715897
0.001198977017
0.001315452642
0.001435190341
0.001559273947
0.001685841521
0.001816530714
0.001950118742
0.002090746731
0.002238795823
0.002390328655
0.002552964656
0.002726316484
0.002919002589
0.003127720757
0.003353377829
0.003604580282
