712.7784485
765.7496058
651.4106661
554.3997062
488.180241
441.5866806
406.0175944
377.8957449
355.2844118
336.3362462
319.9168879
292.8338871
272.3209423
255.3346934
241.0944553
224.2546019
207.0139568
196.0162868
180.978392
168.4964181
158.0191823
146.7620314
136.5955459
128.2254825
120.4714097
112.7750318
105.7789635
99.35127719
92.58880589
85.74710748
78.20077639
69.23673975
61.14381515
54.69148717
48.73347725
45.8917961
46.01321504
45.05413975
43.87967473
43.01664671
42.28705041
41.47222126
41.06032063
39.04339157
36.28935661
32.24897017
27.54270771
22.07058253
18.41987389
17.01227368
15.66601392
15.02237795
15.67717964
13.73464999
11.14520539
10.55563921
11.09306641
9.132617673
8.837085583
7.836950563
7.859889282
7.116107197
6.683399878
6.431536998
6.029672891
5.654547577
5.414385828
5.372532671
5.467259971
5.57168527
5.688056435
5.906983523
6.070696568
6.198152372
6.35563035
6.509196105
6.768064522
7.15237256
7.645711145
8.129518071
8.620964896
9.038454652
9.357635912
9.405825094
9.345713952
9.1763461
8.933788285
8.603997174
8.199757228
8.038008125
8.176227541
8.602926023
9.373299195
