1065.614329
627.1620367
472.7146375
391.2275332
339.8095692
303.8910503
277.0997088
256.1820922
239.2923196
225.299518
213.4691203
194.4438441
179.6962666
167.8404339
158.0447756
146.0992129
133.694083
126.2131569
116.1193028
108.1114421
101.5586446
94.10834943
87.31916718
81.81474559
76.20578664
70.78943838
66.05454703
61.61863096
57.3173025
53.45654036
49.85611017
46.43583403
43.26314281
40.3620836
37.60961297
35.05756575
32.68439164
30.47813374
28.43099339
26.51531424
24.73617647
23.06565839
21.5263629
20.07838721
18.73531908
17.48311886
16.31982154
15.23537101
14.2248357
13.28296393
12.40911803
11.59524887
10.83886297
10.13504012
9.483131071
8.877852726
8.31663361
7.796685868
7.31659929
6.873343614
6.4655017
6.090967657
5.748661544
5.436864713
5.154850518
4.901566819
4.676456042
4.478982478
4.308793444
4.165736201
4.049754838
3.960854197
3.899095149
3.864545267
3.857248255
3.877219253
3.924424964
3.998809234
4.100303984
4.22886093
4.384504001
4.567344824
4.777620674
5.015737732
5.282254134
5.577943115
5.903753631
6.260853125
6.650620149
7.074636721
7.534710329
8.032855784
8.571326402
