743.9563312
469.4767252
366.6393029
310.043192
273.222316
246.8983411
226.9044283
211.0649159
198.121516
187.2904599
178.0552334
163.0507481
151.288748
141.7496223
133.8121761
124.0648597
113.8650973
107.6769017
99.2843035
92.59218746
87.09462734
80.8216938
75.08566035
70.42204111
65.65854166
61.04848375
57.01087561
53.22233015
49.54378911
46.2383176
43.15296937
40.21990735
37.49769728
35.00765242
32.64468307
30.45370257
28.41655449
26.52325063
24.76731535
23.12520704
21.60142736
20.17219015
18.85691948
17.6215911
16.47787286
15.41384371
14.42786208
13.51142265
12.6603816
11.8703344
11.14073805
10.46485462
9.840601629
9.263898907
8.734170933
8.247063394
7.800452912
7.392053119
7.020659183
6.683808506
6.380289604
6.108374462
5.867090332
5.655011498
5.471405913
5.315321963
5.186135824
5.083250413
5.006209213
4.954704494
4.928532489
4.927598378
4.951925451
5.001648602
5.077029114
5.178453925
5.306416936
5.461578297
5.644726835
5.856802061
6.098931219
6.372408741
6.678723204
7.019598946
7.396962979
7.813038701
8.270304178
8.771576738
9.320035816
9.919254301
10.57328056
11.2866735
12.06461888
