0.001936725243
0.003873450487
0.00581017573
0.007746900974
0.009683626217
0.01162035146
0.0135570767
0.01549380195
0.01743052719
0.01936725243
0.02130397768
0.02517742816
0.02905087865
0.03292432914
0.03679777962
0.04260795535
0.05035485633
0.05616503206
0.06584865827
0.07553228449
0.08521591071
0.09877298741
0.1142667894
0.1297605913
0.1491278437
0.1723685467
0.1975459748
0.2265968535
0.2614579079
0.3001924127
0.3447370933
0.3970286749
0.4570671574
0.524852541
0.6042582759
0.6952843624
0.7998675255
0.9199444906
1.057451983
1.216263453
1.398315626
1.609418677
1.849572607
2.128461042
2.448020708
2.815998504
3.238204607
3.724322643
4.284036238
4.928965744
5.668794787
6.520953894
7.500936868
8.630047684
9.925716872
11.41699531
13.13293388
15.10839362
17.37823561
19.99087796
22.99473881
26.45179337
30.42595357
35.0004986
40.26064436
46.31291074
53.27350127
61.27992343
70.49098868
81.08681249
93.27462445
107.2945785
123.4216896
141.971644
163.3104827
187.8584752
216.0939925
248.5748115
285.9381149
328.9159848
378.3547701
435.2247701
500.6415387
575.892998
662.452996
762.025851
876.5637819
1008.317263
1159.875697
1334.213894
1534.757919
1765.4432
2030.803609
