0.02387466962
0.01729658741
0.01404666303
0.0121690474
0.01089168308
0.009953770986
0.009225633203
0.00863860316
0.008155317895
0.007749079884
0.00740021822
0.006830780606
0.006380960171
0.006012209814
0.005699323272
0.005305323654
0.004876500877
0.004601589812
0.004218481406
0.003917357566
0.003676083774
0.003407782325
0.003172251504
0.002988409529
0.002795759346
0.002596587533
0.002421430618
0.00226652436
0.002112529629
0.001970656756
0.001844162481
0.00172276073
0.001609170839
0.001506737721
0.001409971128
0.00131851677
0.001236040067
0.001160718685
0.001092875079
0.001029147815
0.0009693816108
0.000912367607
0.0008611680059
0.0008151191252
0.0007749596904
0.000740036876
0.0007108755672
0.0006832363399
0.0006551699194
0.0006311634323
0.0006132462049
0.0005984062005
0.0005887942982
0.0005860310005
0.0005844141631
0.0005841574422
0.0005861523144
0.0005907366581
0.0005978448679
0.0006091072639
0.0006235138988
0.0006412756356
0.0006615325858
0.0006853510446
0.0007158948746
0.0007548304075
0.0008015361552
0.0008555913108
0.0009171528047
0.0009890834972
0.001073532088
0.001170345917
0.001275811969
0.001386170075
0.001496175204
0.001603080913
0.001710856168
0.001828087799
0.001960490185
0.002121486566
0.002331472563
0.002599031993
0.002931989725
0.003345684554
0.003842482911
0.004429368991
0.005114213917
0.005895858056
0.006773096672
0.007742463912
0.008780658512
0.009916873912
0.01121668606
