0.02597935342
0.01688998815
0.01336349457
0.01138367006
0.01007882436
0.009137420227
0.008417533993
0.007844235814
0.007373804034
0.006978806388
0.006641054577
0.006090473098
0.005657322334
0.005305061615
0.005011305173
0.004649794806
0.004270626723
0.00404016551
0.003727122053
0.003477121138
0.003271500006
0.003036616913
0.002821601873
0.002646625409
0.002467756258
0.002294511709
0.002142670282
0.002000103002
0.001861589796
0.001737052079
0.001620745702
0.001510124229
0.00140740695
0.001313410778
0.001224179836
0.001141420954
0.001064460919
0.0009929361737
0.0009266176183
0.0008646343683
0.0008071779491
0.000753378069
0.000703996473
0.000657793349
0.000615252307
0.0005759838547
0.0005399924589
0.0005070451257
0.000477087158
0.0004500742634
0.0004261094286
0.0004051066423
0.0003871521213
0.0003722864417
0.0003606441445
0.000352262432
0.0003472222461
0.0003455800367
0.0003473622328
0.0003525639249
0.0003611469327
0.0003730672553
0.000388250903
0.000406662414
0.0004282446972
0.000452997544
0.0004809297869
0.0005121021968
0.0005466191112
0.0005846193779
0.0006262882318
0.0006718656794
0.0007216403926
0.0007759564355
0.0008352291876
0.0008999426185
0.0009706487299
0.001048009833
0.001132784541
0.001225853381
0.001328249505
0.00144116743
0.001565996505
0.001704363099
0.00185814659
0.002029551415
0.002221128665
0.002435854457
0.002677188927
0.002949144001
0.003256380003
0.003604287971
0.003999117459
