724.3183665
713.0539762
552.7347485
439.1772296
372.5060885
329.9660836
298.868038
274.4825247
254.574458
238.202471
224.4006025
203.0976977
186.3934307
172.9933106
162.0228097
149.0026907
136.0531432
128.2902417
117.7326435
109.3495815
102.5862578
94.77746386
87.6639781
82.02767217
76.31316489
70.92727762
66.25209228
61.88406069
57.58259417
53.62925117
49.66794605
45.52427476
41.74892064
38.48899263
35.44828335
33.1084543
31.3345573
29.72488275
28.19456215
26.74333087
25.51521806
24.49979117
23.56603496
22.33316335
20.97257725
19.23401641
17.36371629
15.48430545
14.09288884
13.12206409
12.21290973
11.44499784
10.87378865
9.782750865
8.722727418
8.128545393
7.8324516
7.082753121
6.65229025
6.093801039
5.790177712
5.372320466
5.009600725
4.779833961
4.597128087
4.470244848
4.388036297
4.317862892
4.252402084
4.15454861
4.079932353
4.056588204
4.060607646
4.097826649
4.159107833
4.221938959
4.273626189
4.359189242
4.393560536
4.392950204
4.411418037
4.554280682
4.700403067
4.829797688
5.020368882
5.206873826
5.301514497
5.496240243
5.813004715
6.358900756
7.112788338
8.040017633
8.765512365
