0.09812219077
0.05325871541
0.038100663
0.03039830324
0.02569502486
0.02250172175
0.02017813779
0.01840287206
0.01699654613
0.01585098037
0.0148969495
0.0133918802
0.01225098289
0.01135065987
0.01061835147
0.009739656499
0.008843927827
0.008312010764
0.007604079904
0.007050350643
0.006602364036
0.006098540644
0.005644460452
0.005279781578
0.004911339726
0.004558561462
0.00425259416
0.0039680222
0.003694045896
0.003449838588
0.003223632752
0.003010217177
0.002813651339
0.002635228132
0.002467256919
0.002312830859
0.002170553254
0.002039635703
0.001919551759
0.0018086399
0.001707166536
0.001613527982
0.001528967275
0.001451278305
0.001381201151
0.001317992125
0.001261549329
0.001211384847
0.001167286004
0.001129043132
0.001096634079
0.001069762828
0.001048361754
0.001032306289
0.001021581318
0.001016091146
0.001015820432
0.001020774885
0.001030961806
0.001046437604
0.001067251421
0.001093513018
0.001125306315
0.001162813125
0.001206163693
0.00125558047
0.001311268237
0.001373491821
0.001442554097
0.001518774286
0.001602508364
0.00169416211
0.001794173596
0.001903019439
0.002021236848
0.002149405054
0.002288128227
0.002438098657
0.002600044138
0.002774748757
0.002963076095
0.003165944622
0.003384342915
0.003619350753
0.003872106739
0.004143861893
0.004435938633
0.004749771478
0.005086902842
0.005448981371
0.005837786394
0.006255218057
0.006703329069
