0.0288375612
0.02231227806
0.02009663198
0.01962531931
0.01971477406
0.0199422083
0.02017953323
0.02039657268
0.020594092
0.02078665104
0.02098123155
0.02140350907
0.0218027121
0.02200595652
0.02192985609
0.02128286143
0.0193293797
0.01693700838
0.01242417663
0.008398623809
0.005721227676
0.004307800572
0.004427842103
0.005827618861
0.007106725483
0.004963836685
0.003180451972
0.003604669904
0.004349180803
0.002645147449
0.00345285814
0.002351487401
0.002979356873
0.002143310744
0.001935228369
0.001861169863
0.001740954393
0.001634749867
0.001747903614
0.001474554947
0.001442769565
0.001356206759
0.00131370212
0.001244903148
0.001202195517
0.00117130828
0.001117591776
0.001094861735
0.001055600684
0.00104332327
0.00101011489
0.0009961050135
0.0009821700476
0.0009771684325
0.0009807145866
0.0009908735221
0.001005765609
0.001028210628
0.001056804339
0.001088889428
0.001126372985
0.001167780675
0.001213269205
0.001261077256
0.001305047353
0.001339030929
0.001362993753
0.001382299304
0.001408204703
0.001444324314
0.001489364698
0.001541737561
0.001598002049
0.001652651166
0.001701465767
0.001742798663
0.001766431979
0.001774297565
0.001773202807
0.001776953937
0.00179790978
0.001841963756
0.001873378356
0.001948876886
0.002052360437
0.002163856523
0.002300884299
0.002505338653
0.002721062967
0.002947818162
0.003221776125
0.003578709114
0.003941911536
