1277.75842
860.281033
690.2500529
592.4358494
527.005369
479.3240128
442.5977892
413.1896794
388.9547379
368.5357149
351.026487
322.3895037
299.7812314
281.3460046
265.9403717
246.9431337
226.9748765
214.8176167
198.2806875
185.0558231
174.1671629
161.716978
150.3093497
141.0189198
131.5155941
122.3053794
114.2285573
106.641342
99.26645057
92.63270783
86.43475035
80.53709863
75.05818642
70.0417413
65.27658835
60.85363114
56.73661615
52.9056712
49.34797068
46.0160053
42.91905522
40.00886751
37.32512561
34.79850841
32.45290766
30.26398256
28.22844831
26.32884651
24.55666421
22.90282802
21.36639547
19.93344321
18.59988339
17.3574692
16.20567109
15.13604003
14.14530024
13.23035443
12.39131495
11.62655754
10.93878699
10.33156846
9.812779128
9.392532427
9.086025739
8.911636785
8.891152274
9.047768607
9.404394728
9.981933141
10.79891827
11.87276431
13.22163924
14.86671597
16.83443882
19.15773871
21.87673004
25.04080487
28.7085464
32.94906109
37.8437093
43.48690055
49.98806316
57.4742252
66.09127292
76.00831331
87.41935648
100.5482897
115.6528987
133.0294754
153.0193631
176.0147336
202.467457
